481
227
226
226
226
226
226
226
226
226
226
226
226
226
226
226
226
226
226
226
226
226
226
226
226
226
226
226
226
226
226
226
226
226
226
226
226
226
226
226
226
447
226
226
227
226
226
226
226
227
226
386
430
227
227
226
226
227
227
226
220
362
426
227
226
227
226
227
226
227
226
227
226
227
227
227
227
227
227
227
227
227
227
227
227
227
227
227
227
227
227
227
227
226
227
227
227
227
226
226
227
226
227
226
226
226
227
226
227
227
227
227
226
226
447
226
226
226
227
226
226
227
226
227
226
227
226
227
226
227
226
226
226
226
226
227
226
226
227
227
227
226
226
226
226
227
226
226
226
226
227
227
227
227
227
227
227
227
227
227
226
226
226
226
227
227
227
226
385
426
226
226
227
226
226
227
226
226
227
227
226
226
226
226
226
226
226
227
226
226
226
226
227
226
227
226
226
227
226
226
227
227
226
226
226
227
227
227
226
226
227
226
227
226
227
226
227
226
227
227
227
226
227
226
227
226
226
227
226
226
226
227
226
226
227
227
430
227
227
226
226
226
226
226
226
226
226
226
227
226
227
226
227
227
226
227
226
226
227
227
227
227
226
226
226
226
226
226
227
227
226
226
226
227
227
226
226
226
226
227
226
226
226
227
226
226
226
227
226
226
226
226
226
226
226
226
226
226
226
226
227
226
226
226
226
227
226
226
226
226
226
227
227
226
226
226
226
226
226
227
227
227
226
226
226
226
226
226
385
430
227
227
227
227
227
227
227
227
226
226
226
226
227
227
226
225
226
225
226
226
226
225
226
225
226
226
227
227
226
226
226
226
227
226
226
227
226
226
226
447
226
226
227
227
226
226
226
227
227
227
226
226
226
227
226
227
226
226
226
226
226
226
227
227
226
226
226
226
226
226