1261
884
878
878
878
878
878
878
878
879
879
879
879
879
879
878
1262
883
1261
883
1543
878
878
889
878
1921
884
878
878
878
878
878
878
878
878
878
878
878
878
879
879
878
878
878
879
878
878
884
878
878
878
1620
1262
884
879
879
878
878
878
878
878
878
1262
883
1262
884
878
878
878
878
878
878
878
878
878
879
879
879
878
878
878
877
877
877
877
878
878
878
878
878
878
878
878
878
878
878
878
878
878
878
878
878
878
1261
883
879
1539
879
879
879
878
878
878
878
878
878
878
878
878
878
878
878
878
878
879
879
879
879
879
879
879
879
878
1389
878
878
878
878
878
878
878
878
1262
884
878
878
878
878
878
878
878
878
878
878
878
878
877
877
877
878
878
878
878
878
878
878
878
878
878
878
878
1262
884
878
878
878
878
1262
884
878
878
878
878
878
878
878
1262
884
878
878
878
878
878
878
878
878
878
1262
884
878
878
878
878
878
878
878
878
879
879
878
878
879
1539
879
879
879
1539
878
878
878
878
878
878
878
878
878
878
1262
163
905
1608
822
1074
1209
1352
1026
1262
885
879
879
879
879
879
879
1539
879
878
878
878
878
878
878
878
878
878
878
878
878
878
878
878
878
878
879
879
879
879
878
878
878
878
878
878
878
878
878
878
878
878
878
879
879
879
879
879
879
879
879
879
878
878
878
878
878
878
878
878
878
878
878
878
878
879
879
877
877
877
878
878
878
878
878
878
878
884
878
878
878
879
879
879
879
879
879
879
879
879
878
878
1261
884
879
879
879
879
878
878
878
878
878
1533
878
878
878
878
1538
878
878
878
878
878
878
879
879
879
879
879
879
879
878
878
878
878
878
541
916
884
878
879
879
879
879
879
1538
879
879
879
879
879
878
878
878
878
878
1538
878
878
878
878
878
878
878
878
878
878
878
878
878
878
878